# Data set

tab <- c(12954,
         9149,
         12781,
         5174,
         12673,
         8389,
         5662,
         11149,
         7068,
         12142,
         10217,
         12573,
         
         11219,
         9482,
         12584,
         6666,
         7002,
         11273,
         10602,
         9782,
         5516,
         11373,
         6195,
         9771,
         
         11185,
         10826,
         6186,
         10800,
         5307,
         10335,
         12933,
         9050,
         11399,
         10269,
         8609,
         11347,
         
         10903,
         12369,
         7007,
         8355,
         6095,
         9534,
         11026,
         7702,
         10523,
         6579,
         5739,
         11308,
         
         10499,
         12303,
         9766,
         10626,
         8309,
         8987,
         10959,
         11581,
         5587,
         9115,
         12832,
         7985,
        
         10491,
         9695,
         5258,
         11434,
         9146,
         7539,
         12713,
         8143,
         9962,
         9263,
         11473,
         12251,
        
         10314,
         9887,
         11787,
         6491,
         8447,
         7001,
         7553,
         11441,
         9389,
         7094,
         7539,
         6335,
         
         10305,
         12140,
         6971,
         11320,
         10391,
         8614,
         8193,
         8456,
         7201,
         9576,
         12386,
         11766,
         
         10273,
         10337,
         10366,
         10189,
         12265,
         11339,
         7134,
         10866,
         5247,
         9660,
         12614,
         10908,
         
         10136,
         6792,
         10917,
         10560,
         10941,
         11004,
         9952,
         12213,
         10868,
         9341,
         5243,
         12371,
         
         9436,
         5475,
         7623,
         12634,
         12361,
         11667,
         10346,
         6095,
         10966,
         12780,
         9099,
         6768,
         
         8548,
         10697,
         5767,
         6460,
         11598,
         8503,
         6965,
         8531,
         9372,
         9722,
         7758,
         9026,
         7641,
         7926,
         8533,
         7023,
         9216,
         12012,
         9733,
         12842,
         7210,
         8536,
         8709,
         6044,
         5992,
         8967,
         6481,
         5458,
         11331,
         9372,
         12266,
         9888,
         6979,
         9278,
         6709,
         5459,
         5132,
         7740,
         11796,
         12014,
         11713,
         6387,
         9541,
         8184,
         12588,
         10955,
         5147,
         639)



mean(tab)
